{
  "field" : "golden",
  "symmetry" : "icosahedral",
  "orientations" : [ [ 1.0, 0.0, 0.0, 0.0, 0.0, 1.0, 0.0, 0.0, 0.0, 0.0, 1.0, 0.0, 0.0, 0.0, 0.0, 1.0 ], [ 0.0, 0.0, 1.0, 0.0, 1.0, 0.0, 0.0, 0.0, 0.0, 1.0, 0.0, 0.0, 0.0, 0.0, 0.0, 1.0 ], [ 0.0, 1.0, 0.0, 0.0, 0.0, 0.0, 1.0, 0.0, 1.0, 0.0, 0.0, 0.0, 0.0, 0.0, 0.0, 1.0 ], [ 0.809017, 0.309017, 0.5, 0.0, 0.309017, 0.5, -0.809017, 0.0, -0.5, 0.809017, 0.309017, 0.0, 0.0, 0.0, 0.0, 1.0 ], [ -0.5, 0.809017, 0.309017, 0.0, 0.809017, 0.309017, 0.5, 0.0, 0.309017, 0.5, -0.809017, 0.0, 0.0, 0.0, 0.0, 1.0 ], [ 0.309017, 0.5, -0.809017, 0.0, -0.5, 0.809017, 0.309017, 0.0, 0.809017, 0.309017, 0.5, 0.0, 0.0, 0.0, 0.0, 1.0 ], [ 0.5, 0.809017, 0.309017, 0.0, 0.809017, -0.309017, -0.5, 0.0, -0.309017, 0.5, -0.809017, 0.0, 0.0, 0.0, 0.0, 1.0 ], [ -0.309017, 0.5, -0.809017, 0.0, 0.5, 0.809017, 0.309017, 0.0, 0.809017, -0.309017, -0.5, 0.0, 0.0, 0.0, 0.0, 1.0 ], [ 0.809017, -0.309017, -0.5, 0.0, -0.309017, 0.5, -0.809017, 0.0, 0.5, 0.809017, 0.309017, 0.0, 0.0, 0.0, 0.0, 1.0 ], [ 0.5, 0.809017, -0.309017, 0.0, 0.809017, -0.309017, 0.5, 0.0, 0.309017, -0.5, -0.809017, 0.0, 0.0, 0.0, 0.0, 1.0 ], [ 0.309017, -0.5, -0.809017, 0.0, 0.5, 0.809017, -0.309017, 0.0, 0.809017, -0.309017, 0.5, 0.0, 0.0, 0.0, 0.0, 1.0 ], [ 0.809017, -0.309017, 0.5, 0.0, 0.309017, -0.5, -0.809017, 0.0, 0.5, 0.809017, -0.309017, 0.0, 0.0, 0.0, 0.0, 1.0 ], [ 0.809017, 0.309017, -0.5, 0.0, 0.309017, 0.5, 0.809017, 0.0, 0.5, -0.809017, 0.309017, 0.0, 0.0, 0.0, 0.0, 1.0 ], [ 0.5, -0.809017, 0.309017, 0.0, 0.809017, 0.309017, -0.5, 0.0, 0.309017, 0.5, 0.809017, 0.0, 0.0, 0.0, 0.0, 1.0 ], [ 0.309017, 0.5, 0.809017, 0.0, 0.5, -0.809017, 0.309017, 0.0, 0.809017, 0.309017, -0.5, 0.0, 0.0, 0.0, 0.0, 1.0 ], [ 1.0, 0.0, 0.0, 0.0, 0.0, -1.0, 0.0, 0.0, 0.0, 0.0, -1.0, 0.0, 0.0, 0.0, 0.0, 1.0 ], [ 0.0, 0.0, 1.0, 0.0, -1.0, 0.0, 0.0, 0.0, 0.0, -1.0, 0.0, 0.0, 0.0, 0.0, 0.0, 1.0 ], [ 0.0, 1.0, 0.0, 0.0, 0.0, 0.0, -1.0, 0.0, -1.0, 0.0, 0.0, 0.0, 0.0, 0.0, 0.0, 1.0 ], [ 0.809017, 0.309017, 0.5, 0.0, -0.309017, -0.5, 0.809017, 0.0, 0.5, -0.809017, -0.309017, 0.0, 0.0, 0.0, 0.0, 1.0 ], [ -0.5, 0.809017, 0.309017, 0.0, -0.809017, -0.309017, -0.5, 0.0, -0.309017, -0.5, 0.809017, 0.0, 0.0, 0.0, 0.0, 1.0 ], [ 0.309017, 0.5, -0.809017, 0.0, 0.5, -0.809017, -0.309017, 0.0, -0.809017, -0.309017, -0.5, 0.0, 0.0, 0.0, 0.0, 1.0 ], [ 0.5, 0.809017, 0.309017, 0.0, -0.809017, 0.309017, 0.5, 0.0, 0.309017, -0.5, 0.809017, 0.0, 0.0, 0.0, 0.0, 1.0 ], [ -0.309017, 0.5, -0.809017, 0.0, -0.5, -0.809017, -0.309017, 0.0, -0.809017, 0.309017, 0.5, 0.0, 0.0, 0.0, 0.0, 1.0 ], [ 0.809017, -0.309017, -0.5, 0.0, 0.309017, -0.5, 0.809017, 0.0, -0.5, -0.809017, -0.309017, 0.0, 0.0, 0.0, 0.0, 1.0 ], [ 0.5, 0.809017, -0.309017, 0.0, -0.809017, 0.309017, -0.5, 0.0, -0.309017, 0.5, 0.809017, 0.0, 0.0, 0.0, 0.0, 1.0 ], [ 0.309017, -0.5, -0.809017, 0.0, -0.5, -0.809017, 0.309017, 0.0, -0.809017, 0.309017, -0.5, 0.0, 0.0, 0.0, 0.0, 1.0 ], [ 0.809017, -0.309017, 0.5, 0.0, -0.309017, 0.5, 0.809017, 0.0, -0.5, -0.809017, 0.309017, 0.0, 0.0, 0.0, 0.0, 1.0 ], [ 0.809017, 0.309017, -0.5, 0.0, -0.309017, -0.5, -0.809017, 0.0, -0.5, 0.809017, -0.309017, 0.0, 0.0, 0.0, 0.0, 1.0 ], [ 0.5, -0.809017, 0.309017, 0.0, -0.809017, -0.309017, 0.5, 0.0, -0.309017, -0.5, -0.809017, 0.0, 0.0, 0.0, 0.0, 1.0 ], [ 0.309017, 0.5, 0.809017, 0.0, -0.5, 0.809017, -0.309017, 0.0, -0.809017, -0.309017, 0.5, 0.0, 0.0, 0.0, 0.0, 1.0 ], [ -1.0, 0.0, 0.0, 0.0, 0.0, -1.0, 0.0, 0.0, 0.0, 0.0, 1.0, 0.0, 0.0, 0.0, 0.0, 1.0 ], [ 0.0, 0.0, -1.0, 0.0, -1.0, 0.0, 0.0, 0.0, 0.0, 1.0, 0.0, 0.0, 0.0, 0.0, 0.0, 1.0 ], [ 0.0, -1.0, 0.0, 0.0, 0.0, 0.0, -1.0, 0.0, 1.0, 0.0, 0.0, 0.0, 0.0, 0.0, 0.0, 1.0 ], [ -0.809017, -0.309017, -0.5, 0.0, -0.309017, -0.5, 0.809017, 0.0, -0.5, 0.809017, 0.309017, 0.0, 0.0, 0.0, 0.0, 1.0 ], [ 0.5, -0.809017, -0.309017, 0.0, -0.809017, -0.309017, -0.5, 0.0, 0.309017, 0.5, -0.809017, 0.0, 0.0, 0.0, 0.0, 1.0 ], [ -0.309017, -0.5, 0.809017, 0.0, 0.5, -0.809017, -0.309017, 0.0, 0.809017, 0.309017, 0.5, 0.0, 0.0, 0.0, 0.0, 1.0 ], [ -0.5, -0.809017, -0.309017, 0.0, -0.809017, 0.309017, 0.5, 0.0, -0.309017, 0.5, -0.809017, 0.0, 0.0, 0.0, 0.0, 1.0 ], [ 0.309017, -0.5, 0.809017, 0.0, -0.5, -0.809017, -0.309017, 0.0, 0.809017, -0.309017, -0.5, 0.0, 0.0, 0.0, 0.0, 1.0 ], [ -0.809017, 0.309017, 0.5, 0.0, 0.309017, -0.5, 0.809017, 0.0, 0.5, 0.809017, 0.309017, 0.0, 0.0, 0.0, 0.0, 1.0 ], [ -0.5, -0.809017, 0.309017, 0.0, -0.809017, 0.309017, -0.5, 0.0, 0.309017, -0.5, -0.809017, 0.0, 0.0, 0.0, 0.0, 1.0 ], [ -0.309017, 0.5, 0.809017, 0.0, -0.5, -0.809017, 0.309017, 0.0, 0.809017, -0.309017, 0.5, 0.0, 0.0, 0.0, 0.0, 1.0 ], [ -0.809017, 0.309017, -0.5, 0.0, -0.309017, 0.5, 0.809017, 0.0, 0.5, 0.809017, -0.309017, 0.0, 0.0, 0.0, 0.0, 1.0 ], [ -0.809017, -0.309017, 0.5, 0.0, -0.309017, -0.5, -0.809017, 0.0, 0.5, -0.809017, 0.309017, 0.0, 0.0, 0.0, 0.0, 1.0 ], [ -0.5, 0.809017, -0.309017, 0.0, -0.809017, -0.309017, 0.5, 0.0, 0.309017, 0.5, 0.809017, 0.0, 0.0, 0.0, 0.0, 1.0 ], [ -0.309017, -0.5, -0.809017, 0.0, -0.5, 0.809017, -0.309017, 0.0, 0.809017, 0.309017, -0.5, 0.0, 0.0, 0.0, 0.0, 1.0 ], [ -1.0, 0.0, 0.0, 0.0, 0.0, 1.0, 0.0, 0.0, 0.0, 0.0, -1.0, 0.0, 0.0, 0.0, 0.0, 1.0 ], [ 0.0, 0.0, -1.0, 0.0, 1.0, 0.0, 0.0, 0.0, 0.0, -1.0, 0.0, 0.0, 0.0, 0.0, 0.0, 1.0 ], [ 0.0, -1.0, 0.0, 0.0, 0.0, 0.0, 1.0, 0.0, -1.0, 0.0, 0.0, 0.0, 0.0, 0.0, 0.0, 1.0 ], [ -0.809017, -0.309017, -0.5, 0.0, 0.309017, 0.5, -0.809017, 0.0, 0.5, -0.809017, -0.309017, 0.0, 0.0, 0.0, 0.0, 1.0 ], [ 0.5, -0.809017, -0.309017, 0.0, 0.809017, 0.309017, 0.5, 0.0, -0.309017, -0.5, 0.809017, 0.0, 0.0, 0.0, 0.0, 1.0 ], [ -0.309017, -0.5, 0.809017, 0.0, -0.5, 0.809017, 0.309017, 0.0, -0.809017, -0.309017, -0.5, 0.0, 0.0, 0.0, 0.0, 1.0 ], [ -0.5, -0.809017, -0.309017, 0.0, 0.809017, -0.309017, -0.5, 0.0, 0.309017, -0.5, 0.809017, 0.0, 0.0, 0.0, 0.0, 1.0 ], [ 0.309017, -0.5, 0.809017, 0.0, 0.5, 0.809017, 0.309017, 0.0, -0.809017, 0.309017, 0.5, 0.0, 0.0, 0.0, 0.0, 1.0 ], [ -0.809017, 0.309017, 0.5, 0.0, -0.309017, 0.5, -0.809017, 0.0, -0.5, -0.809017, -0.309017, 0.0, 0.0, 0.0, 0.0, 1.0 ], [ -0.5, -0.809017, 0.309017, 0.0, 0.809017, -0.309017, 0.5, 0.0, -0.309017, 0.5, 0.809017, 0.0, 0.0, 0.0, 0.0, 1.0 ], [ -0.309017, 0.5, 0.809017, 0.0, 0.5, 0.809017, -0.309017, 0.0, -0.809017, 0.309017, -0.5, 0.0, 0.0, 0.0, 0.0, 1.0 ], [ -0.809017, 0.309017, -0.5, 0.0, 0.309017, -0.5, -0.809017, 0.0, -0.5, -0.809017, 0.309017, 0.0, 0.0, 0.0, 0.0, 1.0 ], [ -0.809017, -0.309017, 0.5, 0.0, 0.309017, 0.5, 0.809017, 0.0, -0.5, 0.809017, -0.309017, 0.0, 0.0, 0.0, 0.0, 1.0 ], [ -0.5, 0.809017, -0.309017, 0.0, 0.809017, 0.309017, -0.5, 0.0, -0.309017, -0.5, -0.809017, 0.0, 0.0, 0.0, 0.0, 1.0 ], [ -0.309017, -0.5, -0.809017, 0.0, 0.5, -0.809017, 0.309017, 0.0, -0.809017, -0.309017, 0.5, 0.0, 0.0, 0.0, 0.0, 1.0 ] ],
  "lights" : {
    "directionalLights" : [ {
      "direction" : {
        "x" : 1.0,
        "y" : -1.0,
        "z" : -1.0
      },
      "color" : "#EBEBE4"
    }, {
      "direction" : {
        "x" : -1.0,
        "y" : 0.0,
        "z" : 0.0
      },
      "color" : "#E4E4EB"
    }, {
      "direction" : {
        "x" : 0.0,
        "y" : 0.0,
        "z" : -1.0
      },
      "color" : "#1E1E1E"
    } ],
    "ambientColor" : "#292929",
    "backgroundColor" : "#AFC8DC"
  },
  "camera" : {
    "stereo" : false,
    "viewDistance" : 72.88475,
    "nearClipDistance" : 0.18221208,
    "farClipDistance" : 145.7699,
    "lookAtPoint" : {
      "x" : 0.0,
      "y" : 0.0,
      "z" : 0.0
    },
    "fieldOfView" : 0.44263032,
    "perspective" : false,
    "lookDirection" : {
      "x" : 0.358745,
      "y" : -0.93340784,
      "z" : 0.0059841597
    },
    "upDirection" : {
      "x" : 0.9292706,
      "y" : 0.3565015,
      "z" : -0.096524365
    },
    "width" : 32.79825,
    "position" : {
      "x" : -26.147041,
      "y" : 68.0312,
      "z" : -0.43615398
    }
  },
  "embedding" : [ 1.0, 0.0, 0.0, 0.0, 0.0, 1.0, 0.0, 0.0, 0.0, 0.0, 1.0, 0.0, 0.0, 0.0, 0.0, 1.0 ],
  "shapes" : [ {
    "id" : "b4987851-2ef1-482f-96d9-1802134b30df",
    "vertices" : [ {
      "x" : 0.309017,
      "y" : -0.309017,
      "z" : -0.309017
    }, {
      "x" : 0.5,
      "y" : 0.0,
      "z" : -0.19098301
    }, {
      "x" : 0.5,
      "y" : 0.0,
      "z" : 0.19098301
    }, {
      "x" : 0.309017,
      "y" : -0.309017,
      "z" : 0.309017
    }, {
      "x" : 0.19098301,
      "y" : -0.5,
      "z" : 0.0
    }, {
      "x" : 0.0,
      "y" : 0.19098301,
      "z" : 0.5
    }, {
      "x" : 0.0,
      "y" : -0.19098301,
      "z" : 0.5
    }, {
      "x" : 0.309017,
      "y" : 0.309017,
      "z" : 0.309017
    }, {
      "x" : -0.309017,
      "y" : -0.309017,
      "z" : 0.309017
    }, {
      "x" : -0.309017,
      "y" : 0.309017,
      "z" : 0.309017
    }, {
      "x" : -0.5,
      "y" : 0.0,
      "z" : 0.19098301
    }, {
      "x" : 0.0,
      "y" : -0.19098301,
      "z" : -0.5
    }, {
      "x" : 0.0,
      "y" : 0.19098301,
      "z" : -0.5
    }, {
      "x" : 0.309017,
      "y" : 0.309017,
      "z" : -0.309017
    }, {
      "x" : -0.309017,
      "y" : -0.309017,
      "z" : -0.309017
    }, {
      "x" : -0.19098301,
      "y" : -0.5,
      "z" : 0.0
    }, {
      "x" : -0.5,
      "y" : 0.0,
      "z" : -0.19098301
    }, {
      "x" : 0.19098301,
      "y" : 0.5,
      "z" : 0.0
    }, {
      "x" : -0.309017,
      "y" : 0.309017,
      "z" : -0.309017
    }, {
      "x" : 0.0,
      "y" : 0.0,
      "z" : 0.0
    }, {
      "x" : -0.19098301,
      "y" : 0.5,
      "z" : 0.0
    } ],
    "faces" : [ {
      "vertices" : [ 12, 18, 20 ]
    }, {
      "vertices" : [ 12, 20, 17 ]
    }, {
      "vertices" : [ 12, 17, 13 ]
    }, {
      "vertices" : [ 3, 6, 8 ]
    }, {
      "vertices" : [ 3, 8, 15 ]
    }, {
      "vertices" : [ 3, 15, 4 ]
    }, {
      "vertices" : [ 0, 11, 12 ]
    }, {
      "vertices" : [ 0, 12, 13 ]
    }, {
      "vertices" : [ 0, 13, 1 ]
    }, {
      "vertices" : [ 5, 9, 10 ]
    }, {
      "vertices" : [ 5, 10, 8 ]
    }, {
      "vertices" : [ 5, 8, 6 ]
    }, {
      "vertices" : [ 2, 7, 5 ]
    }, {
      "vertices" : [ 2, 5, 6 ]
    }, {
      "vertices" : [ 2, 6, 3 ]
    }, {
      "vertices" : [ 11, 14, 16 ]
    }, {
      "vertices" : [ 11, 16, 18 ]
    }, {
      "vertices" : [ 11, 18, 12 ]
    }, {
      "vertices" : [ 1, 13, 17 ]
    }, {
      "vertices" : [ 1, 17, 7 ]
    }, {
      "vertices" : [ 1, 7, 2 ]
    }, {
      "vertices" : [ 9, 20, 18 ]
    }, {
      "vertices" : [ 9, 18, 16 ]
    }, {
      "vertices" : [ 9, 16, 10 ]
    }, {
      "vertices" : [ 0, 1, 2 ]
    }, {
      "vertices" : [ 0, 2, 3 ]
    }, {
      "vertices" : [ 0, 3, 4 ]
    }, {
      "vertices" : [ 5, 7, 17 ]
    }, {
      "vertices" : [ 5, 17, 20 ]
    }, {
      "vertices" : [ 5, 20, 9 ]
    }, {
      "vertices" : [ 0, 4, 15 ]
    }, {
      "vertices" : [ 0, 15, 14 ]
    }, {
      "vertices" : [ 0, 14, 11 ]
    }, {
      "vertices" : [ 8, 10, 16 ]
    }, {
      "vertices" : [ 8, 16, 14 ]
    }, {
      "vertices" : [ 8, 14, 15 ]
    } ]
  }, {
    "id" : "41012d88-98dc-454a-99c9-90e74f3ff7a9",
    "vertices" : [ {
      "x" : 1.0,
      "y" : 0.309017,
      "z" : 0.19098301
    }, {
      "x" : 1.0,
      "y" : -0.309017,
      "z" : 0.19098301
    }, {
      "x" : 1.0,
      "y" : -0.309017,
      "z" : 0.19098301
    }, {
      "x" : 1.0,
      "y" : 0.309017,
      "z" : 0.19098301
    }, {
      "x" : 1.0,
      "y" : -0.309017,
      "z" : -0.19098301
    }, {
      "x" : 1.0,
      "y" : 0.309017,
      "z" : -0.19098301
    }, {
      "x" : 1.618034,
      "y" : 0.0,
      "z" : 0.0
    }, {
      "x" : 0.38196602,
      "y" : 0.0,
      "z" : 0.0
    }, {
      "x" : 1.0,
      "y" : 0.309017,
      "z" : -0.19098301
    }, {
      "x" : 1.0,
      "y" : -0.309017,
      "z" : -0.19098301
    }, {
      "x" : 2.0,
      "y" : 0.0,
      "z" : 0.0
    } ],
    "faces" : [ {
      "vertices" : [ 1, 9, 4 ]
    }, {
      "vertices" : [ 1, 4, 2 ]
    }, {
      "vertices" : [ 0, 3, 5 ]
    }, {
      "vertices" : [ 0, 5, 8 ]
    }, {
      "vertices" : [ 1, 7, 9 ]
    }, {
      "vertices" : [ 0, 1, 2 ]
    }, {
      "vertices" : [ 0, 2, 3 ]
    }, {
      "vertices" : [ 7, 8, 9 ]
    }, {
      "vertices" : [ 0, 7, 1 ]
    }, {
      "vertices" : [ 4, 9, 8 ]
    }, {
      "vertices" : [ 4, 8, 5 ]
    }, {
      "vertices" : [ 2, 6, 3 ]
    }, {
      "vertices" : [ 2, 4, 6 ]
    }, {
      "vertices" : [ 3, 6, 5 ]
    }, {
      "vertices" : [ 4, 5, 6 ]
    }, {
      "vertices" : [ 0, 8, 7 ]
    } ]
  }, {
    "id" : "fe92f5c9-ac6f-4a50-bab5-36ccc4138c79",
    "vertices" : [ {
      "x" : 5.045085,
      "y" : 1.0,
      "z" : -0.309017
    }, {
      "x" : 1.190983,
      "y" : 0.0,
      "z" : 0.072949015
    }, {
      "x" : 1.190983,
      "y" : 0.0,
      "z" : -0.309017
    }, {
      "x" : 5.045085,
      "y" : 1.0,
      "z" : -0.690983
    }, {
      "x" : 5.7811527,
      "y" : 1.5,
      "z" : -0.572949
    }, {
      "x" : 1.190983,
      "y" : 0.618034,
      "z" : -0.309017
    }, {
      "x" : 5.045085,
      "y" : 1.618034,
      "z" : -0.690983
    }, {
      "x" : 5.045085,
      "y" : 1.618034,
      "z" : -0.309017
    }, {
      "x" : 1.190983,
      "y" : 0.618034,
      "z" : 0.072949015
    }, {
      "x" : 0.45491502,
      "y" : 0.11803399,
      "z" : -0.045084972
    }, {
      "x" : 6.236068,
      "y" : 1.618034,
      "z" : -0.618034
    } ],
    "faces" : [ {
      "vertices" : [ 2, 5, 6 ]
    }, {
      "vertices" : [ 2, 6, 3 ]
    }, {
      "vertices" : [ 0, 7, 8 ]
    }, {
      "vertices" : [ 0, 8, 1 ]
    }, {
      "vertices" : [ 2, 9, 5 ]
    }, {
      "vertices" : [ 4, 6, 7 ]
    }, {
      "vertices" : [ 1, 8, 9 ]
    }, {
      "vertices" : [ 0, 1, 2 ]
    }, {
      "vertices" : [ 0, 2, 3 ]
    }, {
      "vertices" : [ 5, 9, 8 ]
    }, {
      "vertices" : [ 0, 3, 4 ]
    }, {
      "vertices" : [ 5, 8, 7 ]
    }, {
      "vertices" : [ 5, 7, 6 ]
    }, {
      "vertices" : [ 0, 4, 7 ]
    }, {
      "vertices" : [ 1, 9, 2 ]
    }, {
      "vertices" : [ 3, 6, 4 ]
    } ]
  }, {
    "id" : "6781c1ec-bdb2-4164-a8d7-d759aaf20f36",
    "vertices" : [ {
      "x" : 1.0,
      "y" : 0.309017,
      "z" : 0.19098301
    }, {
      "x" : 1.0,
      "y" : -0.309017,
      "z" : 0.19098301
    }, {
      "x" : 2.236068,
      "y" : -0.309017,
      "z" : 0.19098301
    }, {
      "x" : 2.236068,
      "y" : 0.309017,
      "z" : 0.19098301
    }, {
      "x" : 2.236068,
      "y" : -0.309017,
      "z" : -0.19098301
    }, {
      "x" : 2.236068,
      "y" : 0.309017,
      "z" : -0.19098301
    }, {
      "x" : 2.854102,
      "y" : 0.0,
      "z" : 0.0
    }, {
      "x" : 0.38196602,
      "y" : 0.0,
      "z" : 0.0
    }, {
      "x" : 1.0,
      "y" : 0.309017,
      "z" : -0.19098301
    }, {
      "x" : 1.0,
      "y" : -0.309017,
      "z" : -0.19098301
    }, {
      "x" : 3.236068,
      "y" : 0.0,
      "z" : 0.0
    } ],
    "faces" : [ {
      "vertices" : [ 1, 9, 4 ]
    }, {
      "vertices" : [ 1, 4, 2 ]
    }, {
      "vertices" : [ 0, 3, 5 ]
    }, {
      "vertices" : [ 0, 5, 8 ]
    }, {
      "vertices" : [ 1, 7, 9 ]
    }, {
      "vertices" : [ 0, 1, 2 ]
    }, {
      "vertices" : [ 0, 2, 3 ]
    }, {
      "vertices" : [ 7, 8, 9 ]
    }, {
      "vertices" : [ 0, 7, 1 ]
    }, {
      "vertices" : [ 4, 9, 8 ]
    }, {
      "vertices" : [ 4, 8, 5 ]
    }, {
      "vertices" : [ 2, 6, 3 ]
    }, {
      "vertices" : [ 2, 4, 6 ]
    }, {
      "vertices" : [ 3, 6, 5 ]
    }, {
      "vertices" : [ 4, 5, 6 ]
    }, {
      "vertices" : [ 0, 8, 7 ]
    } ]
  } ],
  "instances" : [ {
    "shape" : "b4987851-2ef1-482f-96d9-1802134b30df",
    "color" : "#FFFF00",
    "position" : {
      "x" : 1.0,
      "y" : 6.854102,
      "z" : -5.854102
    }
  }, {
    "shape" : "41012d88-98dc-454a-99c9-90e74f3ff7a9",
    "color" : "#FFFF00",
    "position" : {
      "x" : -1.618034,
      "y" : 7.854102,
      "z" : 4.236068
    },
    "orientation" : 37
  }, {
    "shape" : "fe92f5c9-ac6f-4a50-bab5-36ccc4138c79",
    "color" : "#3399FF",
    "position" : {
      "x" : 1.0,
      "y" : -6.854102,
      "z" : 5.854102
    },
    "orientation" : 29
  }, {
    "shape" : "fe92f5c9-ac6f-4a50-bab5-36ccc4138c79",
    "color" : "#3399FF",
    "position" : {
      "x" : 1.618034,
      "y" : 7.854102,
      "z" : 4.236068
    },
    "orientation" : 40
  }, {
    "shape" : "fe92f5c9-ac6f-4a50-bab5-36ccc4138c79",
    "color" : "#000000",
    "position" : {
      "x" : 3.236068,
      "y" : 0.0,
      "z" : -8.472136
    },
    "orientation" : 34
  }, {
    "shape" : "6781c1ec-bdb2-4164-a8d7-d759aaf20f36",
    "color" : "#0000FF",
    "position" : {
      "x" : 6.854102,
      "y" : 2.618034,
      "z" : 4.236068
    },
    "orientation" : 51
  }, {
    "shape" : "6781c1ec-bdb2-4164-a8d7-d759aaf20f36",
    "color" : "#CC0033",
    "position" : {
      "x" : 2.618034,
      "y" : 4.236068,
      "z" : -6.854102
    },
    "orientation" : 24
  }, {
    "shape" : "fe92f5c9-ac6f-4a50-bab5-36ccc4138c79",
    "color" : "#CC0033",
    "position" : {
      "x" : -5.236068,
      "y" : 5.236068,
      "z" : -5.236068
    },
    "orientation" : 32
  }, {
    "shape" : "6781c1ec-bdb2-4164-a8d7-d759aaf20f36",
    "color" : "#66FF66",
    "position" : {
      "x" : -4.236068,
      "y" : 6.854102,
      "z" : -2.618034
    },
    "orientation" : 41
  }, {
    "shape" : "6781c1ec-bdb2-4164-a8d7-d759aaf20f36",
    "color" : "#0000FF",
    "position" : {
      "x" : -4.236068,
      "y" : -6.854102,
      "z" : 2.618034
    },
    "orientation" : 25
  }, {
    "shape" : "41012d88-98dc-454a-99c9-90e74f3ff7a9",
    "color" : "#FFFF00",
    "position" : {
      "x" : 4.236068,
      "y" : -1.618034,
      "z" : 7.854102
    },
    "orientation" : 51
  }, {
    "shape" : "41012d88-98dc-454a-99c9-90e74f3ff7a9",
    "color" : "#FFFF00",
    "position" : {
      "x" : 4.236068,
      "y" : 1.618034,
      "z" : -7.854102
    },
    "orientation" : 36
  }, {
    "shape" : "b4987851-2ef1-482f-96d9-1802134b30df",
    "color" : "#FFFF00",
    "position" : {
      "x" : 6.854102,
      "y" : -5.854102,
      "z" : -1.0
    }
  }, {
    "shape" : "fe92f5c9-ac6f-4a50-bab5-36ccc4138c79",
    "color" : "#000000",
    "position" : {
      "x" : -8.472136,
      "y" : -3.236068,
      "z" : 0.0
    },
    "orientation" : 5
  }, {
    "shape" : "6781c1ec-bdb2-4164-a8d7-d759aaf20f36",
    "color" : "#0000FF",
    "position" : {
      "x" : 2.618034,
      "y" : 4.236068,
      "z" : 6.854102
    },
    "orientation" : 41
  }, {
    "shape" : "6781c1ec-bdb2-4164-a8d7-d759aaf20f36",
    "color" : "#FFFFFF",
    "position" : {
      "x" : 4.236068,
      "y" : 6.854102,
      "z" : -2.618034
    },
    "orientation" : 56
  }, {
    "shape" : "6781c1ec-bdb2-4164-a8d7-d759aaf20f36",
    "color" : "#0000FF",
    "position" : {
      "x" : -2.618034,
      "y" : 4.236068,
      "z" : 6.854102
    },
    "orientation" : 8
  }, {
    "shape" : "6781c1ec-bdb2-4164-a8d7-d759aaf20f36",
    "color" : "#0000FF",
    "position" : {
      "x" : -4.236068,
      "y" : -6.854102,
      "z" : 2.618034
    },
    "orientation" : 7
  }, {
    "shape" : "b4987851-2ef1-482f-96d9-1802134b30df",
    "color" : "#FFFF00",
    "position" : {
      "x" : 1.618034,
      "y" : 7.854102,
      "z" : -4.236068
    }
  }, {
    "shape" : "b4987851-2ef1-482f-96d9-1802134b30df",
    "color" : "#FFFF00",
    "position" : {
      "x" : 7.854102,
      "y" : 4.236068,
      "z" : 1.618034
    }
  }, {
    "shape" : "6781c1ec-bdb2-4164-a8d7-d759aaf20f36",
    "color" : "#3399FF",
    "position" : {
      "x" : -2.618034,
      "y" : 4.236068,
      "z" : -6.854102
    },
    "orientation" : 9
  }, {
    "shape" : "b4987851-2ef1-482f-96d9-1802134b30df",
    "color" : "#FFFFFF",
    "position" : {
      "x" : 4.236068,
      "y" : 6.854102,
      "z" : 2.618034
    }
  }, {
    "shape" : "b4987851-2ef1-482f-96d9-1802134b30df",
    "color" : "#FFFF00",
    "position" : {
      "x" : 0.0,
      "y" : -8.472136,
      "z" : 3.236068
    }
  }, {
    "shape" : "fe92f5c9-ac6f-4a50-bab5-36ccc4138c79",
    "color" : "#3399FF",
    "position" : {
      "x" : -1.618034,
      "y" : -7.854102,
      "z" : -4.236068
    },
    "orientation" : 8
  }, {
    "shape" : "b4987851-2ef1-482f-96d9-1802134b30df",
    "color" : "#FFFF00",
    "position" : {
      "x" : -6.854102,
      "y" : 5.854102,
      "z" : 1.0
    }
  }, {
    "shape" : "fe92f5c9-ac6f-4a50-bab5-36ccc4138c79",
    "color" : "#3399FF",
    "position" : {
      "x" : 4.236068,
      "y" : -1.618034,
      "z" : 7.854102
    },
    "orientation" : 51
  }, {
    "shape" : "41012d88-98dc-454a-99c9-90e74f3ff7a9",
    "color" : "#FFFF00",
    "position" : {
      "x" : 7.854102,
      "y" : -4.236068,
      "z" : 1.618034
    },
    "orientation" : 52
  }, {
    "shape" : "fe92f5c9-ac6f-4a50-bab5-36ccc4138c79",
    "color" : "#66FF66",
    "position" : {
      "x" : -8.472136,
      "y" : 0.0,
      "z" : -3.236068
    },
    "orientation" : 13
  }, {
    "shape" : "6781c1ec-bdb2-4164-a8d7-d759aaf20f36",
    "color" : "#3399FF",
    "position" : {
      "x" : -6.854102,
      "y" : 2.618034,
      "z" : 4.236068
    },
    "orientation" : 37
  }, {
    "shape" : "b4987851-2ef1-482f-96d9-1802134b30df",
    "color" : "#FFFFFF",
    "position" : {
      "x" : 2.618034,
      "y" : -4.236068,
      "z" : -6.854102
    }
  }, {
    "shape" : "fe92f5c9-ac6f-4a50-bab5-36ccc4138c79",
    "color" : "#66FF66",
    "position" : {
      "x" : -1.618034,
      "y" : 7.854102,
      "z" : -4.236068
    },
    "orientation" : 25
  }, {
    "shape" : "fe92f5c9-ac6f-4a50-bab5-36ccc4138c79",
    "color" : "#000000",
    "position" : {
      "x" : 3.236068,
      "y" : 0.0,
      "z" : 8.472136
    },
    "orientation" : 49
  }, {
    "shape" : "b4987851-2ef1-482f-96d9-1802134b30df",
    "color" : "#FFFFFF",
    "position" : {
      "x" : -6.854102,
      "y" : 2.618034,
      "z" : -4.236068
    }
  }, {
    "shape" : "6781c1ec-bdb2-4164-a8d7-d759aaf20f36",
    "color" : "#0000FF",
    "position" : {
      "x" : 6.854102,
      "y" : 2.618034,
      "z" : 4.236068
    },
    "orientation" : 24
  }, {
    "shape" : "41012d88-98dc-454a-99c9-90e74f3ff7a9",
    "color" : "#FFFF00",
    "position" : {
      "x" : 0.0,
      "y" : 8.472136,
      "z" : 3.236068
    },
    "orientation" : 41
  }, {
    "shape" : "fe92f5c9-ac6f-4a50-bab5-36ccc4138c79",
    "color" : "#000000",
    "position" : {
      "x" : -5.236068,
      "y" : 5.236068,
      "z" : 5.236068
    },
    "orientation" : 3
  }, {
    "shape" : "41012d88-98dc-454a-99c9-90e74f3ff7a9",
    "color" : "#FFFF00",
    "position" : {
      "x" : 5.854102,
      "y" : 1.0,
      "z" : -6.854102
    },
    "orientation" : 56
  }, {
    "shape" : "6781c1ec-bdb2-4164-a8d7-d759aaf20f36",
    "color" : "#0000FF",
    "position" : {
      "x" : 4.236068,
      "y" : 6.854102,
      "z" : 2.618034
    },
    "orientation" : 55
  }, {
    "shape" : "b4987851-2ef1-482f-96d9-1802134b30df",
    "color" : "#FFFFFF",
    "position" : {
      "x" : -2.618034,
      "y" : 4.236068,
      "z" : 6.854102
    }
  }, {
    "shape" : "6781c1ec-bdb2-4164-a8d7-d759aaf20f36",
    "color" : "#0000FF",
    "position" : {
      "x" : -2.618034,
      "y" : -4.236068,
      "z" : -6.854102
    },
    "orientation" : 41
  }, {
    "shape" : "fe92f5c9-ac6f-4a50-bab5-36ccc4138c79",
    "color" : "#CC0033",
    "position" : {
      "x" : -1.0,
      "y" : -6.854102,
      "z" : 5.854102
    },
    "orientation" : 0
  }, {
    "shape" : "6781c1ec-bdb2-4164-a8d7-d759aaf20f36",
    "color" : "#0000FF",
    "position" : {
      "x" : 6.854102,
      "y" : 2.618034,
      "z" : -4.236068
    },
    "orientation" : 21
  }, {
    "shape" : "fe92f5c9-ac6f-4a50-bab5-36ccc4138c79",
    "color" : "#3399FF",
    "position" : {
      "x" : 8.472136,
      "y" : 0.0,
      "z" : 3.236068
    },
    "orientation" : 58
  }, {
    "shape" : "b4987851-2ef1-482f-96d9-1802134b30df",
    "color" : "#FFFF00",
    "position" : {
      "x" : -1.0,
      "y" : -6.854102,
      "z" : 5.854102
    }
  }, {
    "shape" : "6781c1ec-bdb2-4164-a8d7-d759aaf20f36",
    "color" : "#0000FF",
    "position" : {
      "x" : -2.618034,
      "y" : -4.236068,
      "z" : 6.854102
    },
    "orientation" : 11
  }, {
    "shape" : "fe92f5c9-ac6f-4a50-bab5-36ccc4138c79",
    "color" : "#000000",
    "position" : {
      "x" : 0.0,
      "y" : 8.472136,
      "z" : -3.236068
    },
    "orientation" : 33
  }, {
    "shape" : "b4987851-2ef1-482f-96d9-1802134b30df",
    "color" : "#FFFF00",
    "position" : {
      "x" : 0.0,
      "y" : 8.472136,
      "z" : -3.236068
    }
  }, {
    "shape" : "41012d88-98dc-454a-99c9-90e74f3ff7a9",
    "color" : "#FFFF00",
    "position" : {
      "x" : 6.854102,
      "y" : -5.854102,
      "z" : -1.0
    },
    "orientation" : 2
  }, {
    "shape" : "6781c1ec-bdb2-4164-a8d7-d759aaf20f36",
    "color" : "#0000FF",
    "position" : {
      "x" : 2.618034,
      "y" : -4.236068,
      "z" : -6.854102
    },
    "orientation" : 8
  }, {
    "shape" : "41012d88-98dc-454a-99c9-90e74f3ff7a9",
    "color" : "#FFFF00",
    "position" : {
      "x" : 5.854102,
      "y" : 1.0,
      "z" : 6.854102
    },
    "orientation" : 16
  }, {
    "shape" : "b4987851-2ef1-482f-96d9-1802134b30df",
    "color" : "#FFFF00",
    "position" : {
      "x" : 6.854102,
      "y" : 5.854102,
      "z" : 1.0
    }
  }, {
    "shape" : "fe92f5c9-ac6f-4a50-bab5-36ccc4138c79",
    "color" : "#66FF66",
    "position" : {
      "x" : -5.854102,
      "y" : -1.0,
      "z" : 6.854102
    },
    "orientation" : 46
  }, {
    "shape" : "fe92f5c9-ac6f-4a50-bab5-36ccc4138c79",
    "color" : "#FFFFFF",
    "position" : {
      "x" : 1.0,
      "y" : -6.854102,
      "z" : -5.854102
    },
    "orientation" : 45
  }, {
    "shape" : "b4987851-2ef1-482f-96d9-1802134b30df",
    "color" : "#FFFFFF",
    "position" : {
      "x" : 0.0,
      "y" : 0.0,
      "z" : 0.0
    }
  }, {
    "shape" : "41012d88-98dc-454a-99c9-90e74f3ff7a9",
    "color" : "#FFFF00",
    "position" : {
      "x" : -7.854102,
      "y" : 4.236068,
      "z" : -1.618034
    },
    "orientation" : 9
  }, {
    "shape" : "b4987851-2ef1-482f-96d9-1802134b30df",
    "color" : "#FFFF00",
    "position" : {
      "x" : 4.236068,
      "y" : -1.618034,
      "z" : -7.854102
    }
  }, {
    "shape" : "b4987851-2ef1-482f-96d9-1802134b30df",
    "color" : "#FFFF00",
    "position" : {
      "x" : -4.236068,
      "y" : 1.618034,
      "z" : 7.854102
    }
  }, {
    "shape" : "6781c1ec-bdb2-4164-a8d7-d759aaf20f36",
    "color" : "#0000FF",
    "position" : {
      "x" : 0.0,
      "y" : 0.0,
      "z" : -8.472136
    },
    "orientation" : 1
  }, {
    "shape" : "b4987851-2ef1-482f-96d9-1802134b30df",
    "color" : "#FFFF00",
    "position" : {
      "x" : -5.854102,
      "y" : 1.0,
      "z" : -6.854102
    }
  }, {
    "shape" : "b4987851-2ef1-482f-96d9-1802134b30df",
    "color" : "#FFFFFF",
    "position" : {
      "x" : 8.472136,
      "y" : 0.0,
      "z" : 0.0
    }
  }, {
    "shape" : "b4987851-2ef1-482f-96d9-1802134b30df",
    "color" : "#FFFF00",
    "position" : {
      "x" : -7.854102,
      "y" : -4.236068,
      "z" : 1.618034
    }
  }, {
    "shape" : "fe92f5c9-ac6f-4a50-bab5-36ccc4138c79",
    "color" : "#000000",
    "position" : {
      "x" : 5.236068,
      "y" : 5.236068,
      "z" : -5.236068
    },
    "orientation" : 5
  }, {
    "shape" : "b4987851-2ef1-482f-96d9-1802134b30df",
    "color" : "#FFFF00",
    "position" : {
      "x" : -1.618034,
      "y" : 7.854102,
      "z" : 4.236068
    }
  }, {
    "shape" : "6781c1ec-bdb2-4164-a8d7-d759aaf20f36",
    "color" : "#0000FF",
    "position" : {
      "x" : 2.618034,
      "y" : -4.236068,
      "z" : 6.854102
    },
    "orientation" : 26
  }, {
    "shape" : "fe92f5c9-ac6f-4a50-bab5-36ccc4138c79",
    "color" : "#3399FF",
    "position" : {
      "x" : 6.854102,
      "y" : 5.854102,
      "z" : 1.0
    },
    "orientation" : 47
  }, {
    "shape" : "fe92f5c9-ac6f-4a50-bab5-36ccc4138c79",
    "color" : "#66FF66",
    "position" : {
      "x" : -4.236068,
      "y" : -1.618034,
      "z" : -7.854102
    },
    "orientation" : 6
  }, {
    "shape" : "b4987851-2ef1-482f-96d9-1802134b30df",
    "color" : "#FFFF00",
    "position" : {
      "x" : -3.236068,
      "y" : 0.0,
      "z" : -8.472136
    }
  }, {
    "shape" : "6781c1ec-bdb2-4164-a8d7-d759aaf20f36",
    "color" : "#000000",
    "position" : {
      "x" : 0.0,
      "y" : 8.472136,
      "z" : 0.0
    },
    "orientation" : 47
  }, {
    "shape" : "6781c1ec-bdb2-4164-a8d7-d759aaf20f36",
    "color" : "#0000FF",
    "position" : {
      "x" : 2.618034,
      "y" : -4.236068,
      "z" : 6.854102
    },
    "orientation" : 38
  }, {
    "shape" : "b4987851-2ef1-482f-96d9-1802134b30df",
    "color" : "#FFFF00",
    "position" : {
      "x" : 4.236068,
      "y" : 1.618034,
      "z" : -7.854102
    }
  }, {
    "shape" : "b4987851-2ef1-482f-96d9-1802134b30df",
    "color" : "#FFFF00",
    "position" : {
      "x" : 5.854102,
      "y" : 1.0,
      "z" : 6.854102
    }
  }, {
    "shape" : "6781c1ec-bdb2-4164-a8d7-d759aaf20f36",
    "color" : "#66FF66",
    "position" : {
      "x" : 6.854102,
      "y" : 2.618034,
      "z" : -4.236068
    },
    "orientation" : 22
  }, {
    "shape" : "fe92f5c9-ac6f-4a50-bab5-36ccc4138c79",
    "color" : "#66FF66",
    "position" : {
      "x" : 5.236068,
      "y" : -5.236068,
      "z" : -5.236068
    },
    "orientation" : 46
  }, {
    "shape" : "fe92f5c9-ac6f-4a50-bab5-36ccc4138c79",
    "color" : "#000000",
    "position" : {
      "x" : -5.236068,
      "y" : -5.236068,
      "z" : -5.236068
    },
    "orientation" : 49
  }, {
    "shape" : "41012d88-98dc-454a-99c9-90e74f3ff7a9",
    "color" : "#FFFF00",
    "position" : {
      "x" : 1.618034,
      "y" : -7.854102,
      "z" : 4.236068
    },
    "orientation" : 53
  }, {
    "shape" : "b4987851-2ef1-482f-96d9-1802134b30df",
    "color" : "#FFFFFF",
    "position" : {
      "x" : 6.854102,
      "y" : 2.618034,
      "z" : 4.236068
    }
  }, {
    "shape" : "fe92f5c9-ac6f-4a50-bab5-36ccc4138c79",
    "color" : "#FFFFFF",
    "position" : {
      "x" : -1.0,
      "y" : 6.854102,
      "z" : 5.854102
    },
    "orientation" : 59
  }, {
    "shape" : "6781c1ec-bdb2-4164-a8d7-d759aaf20f36",
    "color" : "#0000FF",
    "position" : {
      "x" : -6.854102,
      "y" : -2.618034,
      "z" : 4.236068
    },
    "orientation" : 54
  }, {
    "shape" : "b4987851-2ef1-482f-96d9-1802134b30df",
    "color" : "#FFFFFF",
    "position" : {
      "x" : 0.0,
      "y" : 0.0,
      "z" : -8.472136
    }
  }, {
    "shape" : "41012d88-98dc-454a-99c9-90e74f3ff7a9",
    "color" : "#FFFF00",
    "position" : {
      "x" : -5.854102,
      "y" : -1.0,
      "z" : -6.854102
    },
    "orientation" : 26
  }, {
    "shape" : "fe92f5c9-ac6f-4a50-bab5-36ccc4138c79",
    "color" : "#FFFFFF",
    "position" : {
      "x" : 7.854102,
      "y" : -4.236068,
      "z" : 1.618034
    },
    "orientation" : 52
  }, {
    "shape" : "41012d88-98dc-454a-99c9-90e74f3ff7a9",
    "color" : "#FFFF00",
    "position" : {
      "x" : 6.854102,
      "y" : 5.854102,
      "z" : -1.0
    },
    "orientation" : 24
  }, {
    "shape" : "41012d88-98dc-454a-99c9-90e74f3ff7a9",
    "color" : "#FFFF00",
    "position" : {
      "x" : -4.236068,
      "y" : 1.618034,
      "z" : 7.854102
    },
    "orientation" : 21
  }, {
    "shape" : "6781c1ec-bdb2-4164-a8d7-d759aaf20f36",
    "color" : "#0000FF",
    "position" : {
      "x" : 2.618034,
      "y" : 4.236068,
      "z" : -6.854102
    },
    "orientation" : 53
  }, {
    "shape" : "fe92f5c9-ac6f-4a50-bab5-36ccc4138c79",
    "color" : "#3399FF",
    "position" : {
      "x" : -5.236068,
      "y" : -5.236068,
      "z" : 5.236068
    },
    "orientation" : 15
  }, {
    "shape" : "fe92f5c9-ac6f-4a50-bab5-36ccc4138c79",
    "color" : "#FFFFFF",
    "position" : {
      "x" : -8.472136,
      "y" : 0.0,
      "z" : 3.236068
    },
    "orientation" : 11
  }, {
    "shape" : "6781c1ec-bdb2-4164-a8d7-d759aaf20f36",
    "color" : "#FFFFFF",
    "position" : {
      "x" : -6.854102,
      "y" : 2.618034,
      "z" : -4.236068
    },
    "orientation" : 7
  }, {
    "shape" : "fe92f5c9-ac6f-4a50-bab5-36ccc4138c79",
    "color" : "#FFFFFF",
    "position" : {
      "x" : -7.854102,
      "y" : 4.236068,
      "z" : -1.618034
    },
    "orientation" : 9
  }, {
    "shape" : "fe92f5c9-ac6f-4a50-bab5-36ccc4138c79",
    "color" : "#000000",
    "position" : {
      "x" : 5.236068,
      "y" : 5.236068,
      "z" : -5.236068
    },
    "orientation" : 19
  }, {
    "shape" : "41012d88-98dc-454a-99c9-90e74f3ff7a9",
    "color" : "#FFFF00",
    "position" : {
      "x" : -1.0,
      "y" : 6.854102,
      "z" : -5.854102
    },
    "orientation" : 0
  }, {
    "shape" : "6781c1ec-bdb2-4164-a8d7-d759aaf20f36",
    "color" : "#3399FF",
    "position" : {
      "x" : 4.236068,
      "y" : 6.854102,
      "z" : 2.618034
    },
    "orientation" : 38
  }, {
    "shape" : "6781c1ec-bdb2-4164-a8d7-d759aaf20f36",
    "color" : "#0000FF",
    "position" : {
      "x" : 0.0,
      "y" : 8.472136,
      "z" : 0.0
    },
    "orientation" : 45
  }, {
    "shape" : "6781c1ec-bdb2-4164-a8d7-d759aaf20f36",
    "color" : "#66FF66",
    "position" : {
      "x" : -6.854102,
      "y" : -2.618034,
      "z" : 4.236068
    },
    "orientation" : 10
  }, {
    "shape" : "6781c1ec-bdb2-4164-a8d7-d759aaf20f36",
    "color" : "#66FF66",
    "position" : {
      "x" : -2.618034,
      "y" : -4.236068,
      "z" : -6.854102
    },
    "orientation" : 21
  }, {
    "shape" : "6781c1ec-bdb2-4164-a8d7-d759aaf20f36",
    "color" : "#0000FF",
    "position" : {
      "x" : 2.618034,
      "y" : 4.236068,
      "z" : 6.854102
    },
    "orientation" : 23
  }, {
    "shape" : "fe92f5c9-ac6f-4a50-bab5-36ccc4138c79",
    "color" : "#66FF66",
    "position" : {
      "x" : 0.0,
      "y" : -3.236068,
      "z" : 8.472136
    },
    "orientation" : 6
  }, {
    "shape" : "6781c1ec-bdb2-4164-a8d7-d759aaf20f36",
    "color" : "#0000FF",
    "position" : {
      "x" : -6.854102,
      "y" : 2.618034,
      "z" : -4.236068
    },
    "orientation" : 6
  }, {
    "shape" : "fe92f5c9-ac6f-4a50-bab5-36ccc4138c79",
    "color" : "#3399FF",
    "position" : {
      "x" : 0.0,
      "y" : -3.236068,
      "z" : -8.472136
    },
    "orientation" : 12
  }, {
    "shape" : "6781c1ec-bdb2-4164-a8d7-d759aaf20f36",
    "color" : "#0000FF",
    "position" : {
      "x" : -6.854102,
      "y" : 2.618034,
      "z" : -4.236068
    },
    "orientation" : 39
  }, {
    "shape" : "6781c1ec-bdb2-4164-a8d7-d759aaf20f36",
    "color" : "#66FF66",
    "position" : {
      "x" : -6.854102,
      "y" : -2.618034,
      "z" : 4.236068
    },
    "orientation" : 22
  }, {
    "shape" : "6781c1ec-bdb2-4164-a8d7-d759aaf20f36",
    "color" : "#0000FF",
    "position" : {
      "x" : 8.472136,
      "y" : 0.0,
      "z" : 0.0
    },
    "orientation" : 47
  }, {
    "shape" : "fe92f5c9-ac6f-4a50-bab5-36ccc4138c79",
    "color" : "#3399FF",
    "position" : {
      "x" : -3.236068,
      "y" : 8.472136,
      "z" : 0.0
    },
    "orientation" : 8
  }, {
    "shape" : "b4987851-2ef1-482f-96d9-1802134b30df",
    "color" : "#FFFFFF",
    "position" : {
      "x" : 6.854102,
      "y" : -2.618034,
      "z" : -4.236068
    }
  }, {
    "shape" : "b4987851-2ef1-482f-96d9-1802134b30df",
    "color" : "#FFFFFF",
    "position" : {
      "x" : 6.854102,
      "y" : 2.618034,
      "z" : -4.236068
    }
  }, {
    "shape" : "b4987851-2ef1-482f-96d9-1802134b30df",
    "color" : "#FFFF00",
    "position" : {
      "x" : -8.472136,
      "y" : -3.236068,
      "z" : 0.0
    }
  }, {
    "shape" : "41012d88-98dc-454a-99c9-90e74f3ff7a9",
    "color" : "#FFFF00",
    "position" : {
      "x" : 1.618034,
      "y" : 7.854102,
      "z" : -4.236068
    },
    "orientation" : 38
  }, {
    "shape" : "b4987851-2ef1-482f-96d9-1802134b30df",
    "color" : "#0000FF",
    "position" : {
      "x" : 3.236068,
      "y" : 8.472136,
      "z" : 0.0
    }
  }, {
    "shape" : "fe92f5c9-ac6f-4a50-bab5-36ccc4138c79",
    "color" : "#CC0033",
    "position" : {
      "x" : 5.854102,
      "y" : 1.0,
      "z" : 6.854102
    },
    "orientation" : 16
  }, {
    "shape" : "6781c1ec-bdb2-4164-a8d7-d759aaf20f36",
    "color" : "#FFFFFF",
    "position" : {
      "x" : 2.618034,
      "y" : -4.236068,
      "z" : -6.854102
    },
    "orientation" : 39
  }, {
    "shape" : "41012d88-98dc-454a-99c9-90e74f3ff7a9",
    "color" : "#FFFF00",
    "position" : {
      "x" : -1.618034,
      "y" : -7.854102,
      "z" : -4.236068
    },
    "orientation" : 8
  }, {
    "shape" : "b4987851-2ef1-482f-96d9-1802134b30df",
    "color" : "#FFFFFF",
    "position" : {
      "x" : -8.472136,
      "y" : 0.0,
      "z" : 0.0
    }
  }, {
    "shape" : "fe92f5c9-ac6f-4a50-bab5-36ccc4138c79",
    "color" : "#66FF66",
    "position" : {
      "x" : -8.472136,
      "y" : 0.0,
      "z" : -3.236068
    },
    "orientation" : 37
  }, {
    "shape" : "6781c1ec-bdb2-4164-a8d7-d759aaf20f36",
    "color" : "#3399FF",
    "position" : {
      "x" : 2.618034,
      "y" : -4.236068,
      "z" : 6.854102
    },
    "orientation" : 36
  }, {
    "shape" : "b4987851-2ef1-482f-96d9-1802134b30df",
    "color" : "#FFFF00",
    "position" : {
      "x" : -7.854102,
      "y" : 4.236068,
      "z" : 1.618034
    }
  }, {
    "shape" : "fe92f5c9-ac6f-4a50-bab5-36ccc4138c79",
    "color" : "#FFFFFF",
    "position" : {
      "x" : -5.854102,
      "y" : 1.0,
      "z" : -6.854102
    },
    "orientation" : 31
  }, {
    "shape" : "b4987851-2ef1-482f-96d9-1802134b30df",
    "color" : "#FFFFFF",
    "position" : {
      "x" : -2.618034,
      "y" : -4.236068,
      "z" : -6.854102
    }
  }, {
    "shape" : "41012d88-98dc-454a-99c9-90e74f3ff7a9",
    "color" : "#FFFF00",
    "position" : {
      "x" : 4.236068,
      "y" : 1.618034,
      "z" : 7.854102
    },
    "orientation" : 26
  }, {
    "shape" : "b4987851-2ef1-482f-96d9-1802134b30df",
    "color" : "#FFFFFF",
    "position" : {
      "x" : 2.618034,
      "y" : 4.236068,
      "z" : -6.854102
    }
  }, {
    "shape" : "6781c1ec-bdb2-4164-a8d7-d759aaf20f36",
    "color" : "#0000FF",
    "position" : {
      "x" : -4.236068,
      "y" : 6.854102,
      "z" : 2.618034
    },
    "orientation" : 52
  }, {
    "shape" : "6781c1ec-bdb2-4164-a8d7-d759aaf20f36",
    "color" : "#3399FF",
    "position" : {
      "x" : -4.236068,
      "y" : -6.854102,
      "z" : -2.618034
    },
    "orientation" : 38
  }, {
    "shape" : "6781c1ec-bdb2-4164-a8d7-d759aaf20f36",
    "color" : "#0000FF",
    "position" : {
      "x" : -4.236068,
      "y" : 6.854102,
      "z" : -2.618034
    },
    "orientation" : 10
  }, {
    "shape" : "6781c1ec-bdb2-4164-a8d7-d759aaf20f36",
    "color" : "#0000FF",
    "position" : {
      "x" : -6.854102,
      "y" : -2.618034,
      "z" : -4.236068
    },
    "orientation" : 51
  }, {
    "shape" : "41012d88-98dc-454a-99c9-90e74f3ff7a9",
    "color" : "#FFFF00",
    "position" : {
      "x" : -4.236068,
      "y" : 1.618034,
      "z" : -7.854102
    },
    "orientation" : 41
  }, {
    "shape" : "6781c1ec-bdb2-4164-a8d7-d759aaf20f36",
    "color" : "#FFFFFF",
    "position" : {
      "x" : -4.236068,
      "y" : -6.854102,
      "z" : 2.618034
    },
    "orientation" : 56
  }, {
    "shape" : "b4987851-2ef1-482f-96d9-1802134b30df",
    "color" : "#0000FF",
    "position" : {
      "x" : 5.236068,
      "y" : 5.236068,
      "z" : 5.236068
    }
  }, {
    "shape" : "b4987851-2ef1-482f-96d9-1802134b30df",
    "color" : "#0000FF",
    "position" : {
      "x" : -5.236068,
      "y" : -5.236068,
      "z" : -5.236068
    }
  }, {
    "shape" : "b4987851-2ef1-482f-96d9-1802134b30df",
    "color" : "#0000FF",
    "position" : {
      "x" : 5.236068,
